700 8 1045
2211 1 1045
557 6 1045
3 14 2211
374 13 2211
643 15 557
1154 27 374
509 29 643
482 19 643
2389 30 482
679 39 1154
755 32 1154
1609 41 509
1663 44 509
627 42 2389
1522 43 755
2447 52 755
1471 42 755
2325 45 755
2221 47 679
1699 55 679
578 46 1609
827 50 1609
526 43 1471
785 61 1471
2351 53 1471
2264 44 1522
544 60 1522
1255 53 1522
1644 63 526
1050 46 526
1236 55 526
728 51 1663
874 51 2264
1523 55 2264
1475 49 2325
1119 47 1050
2263 64 1050
1257 51 578
686 48 578
1213 61 578
378 62 2221
1822 50 2221
132 50 1119
730 53 1119
2148 55 686
853 50 1475
321 56 827
471 60 827
1963 63 827
2080 67 1822
996 68 132
722 59 132
2284 58 730
1057 57 853
225 59 874
1782 61 874
375 60 874
1395 67 728
2111 63 728
531 61 1257
740 64 2447
71 62 2447
473 53 2447
2284 58 730
1629 59 730
1358 67 182
588 65 473
1966 64 473
2314 59 473
1735 60 1255
1410 55 1255
415 61 2351
2289 73 2351
2011 55 2351
1134 63 2148
1658 58 2148
2324 57 1699
1277 64 1236
1496 64 1236
1536 59 2011
2456 68 321
1811 65 1057
154 66 1057
1597 65 1057
297 58 1057
747 67 2324
758 72 2324
1701 64 2284
774 63 2284
350 71 1658
293 64 297
1026 75 722
1732 76 722
720 73 225
1859 68 225
2388 63 1536
1589 72 1270
712 73 2314
39 69 2314
1829 63 1735
883 74 375
1100 76 375
1286 76 375
742 77 471
1876 78 471
2417 71 1213
183 64 1213
461 75 531
1948 65 531
1091 72 785
2273 73 415
32 70 415
754 75 415
1212 64 415
1091 72 785
1053 64 71
1820 76 71
2261 70 1395
513 81 1134
2053 68 1134
127 72 1134
1911 74 1644
555 78 1644
299 83 1644
1901 74 1868
903 66 2388
405 83 2388
1030 70 1829
1270 65 774
1801 72 740
1868 65 293
1555 81 1053
2156 71 1053
467 67 183
258 74 1701
1857 80 1701
2421 72 1277
1288 66 1277
141 66 1496
1481 69 1496
648 80 1496
760 72 2263
182 66 1966
1670 76 1966
298 72 1966
1388 66 1270
1589 72 1270
510 81 1270
1901 74 1868
316 70 1868
1996 76 1597
977 85 1811
1403 78 588
1661 73 1288
2399 75 182
1358 67 182
1809 70 182
2172 69 141
892 67 141
598 72 141
2090 81 903
2371 75 154
828 84 467
2261 70 1395
270 84 747
1348 80 2080
6 76 2080
605 75 892
788 78 892
1054 81 2053
2296 79 2053
2178 86 2053
2442 81 1859
1944 77 1859
216 83 2456
1616 84 2456
2465 69 996
434 79 2421
1112 70 39
107 83 39
1882 85 2172
2472 81 2465
1231 79 316
1037 74 32
574 88 32
743 88 32
1581 72 1030
1797 82 1030
1959 86 1030
524 72 1030
214 86 2399
63 83 2261
2108 77 1112
1449 85 1112
1798 79 2156
1240 90 2156
552 72 350
2040 87 2417
666 91 2417
856 77 1589
619 83 127
398 77 760
2191 78 760
434 79 2421
2270 88 2421
1296 78 2421
279 80 1801
1222 87 1091
2383 88 1091
2489 89 758
1346 77 758
257 87 524
13 80 524
799 81 524
2076 86 552
41 83 552
606 84 1581
1805 73 1581
2340 91 1661
1713 85 712
597 86 720
470 84 2289
163 93 258
1675 76 258
391 91 1911
2484 76 1901
1097 79 1037
2102 86 754
340 77 754
15 86 2371
1387 76 1026
1237 82 1026
654 85 605
1374 79 2399
214 86 2399
1851 89 6
2241 80 6
1012 95 1374
1679 88 1732
418 95 1286
61 80 1286
337 79 1286
871 84 1675
1161 91 2484
171 86 1387
2139 94 1387
2066 81 1996
2405 86 470
1793 83 398
1502 90 398
1116 78 1944
11 80 1944
121 93 1944
1024 81 1346
174 90 340
834 95 340
707 85 1403
2326 96 555
1969 94 555
1267 96 555
198 87 1876
1478 79 1876
2268 83 2191
822 86 2191
150 95 1296
440 82 434
961 79 1296
1467 80 788
232 93 788
1645 83 1798
2338 88 1798
1306 81 1478
1736 86 61
1015 83 337
1084 83 337
2120 89 214
543 92 1374
1012 95 1374
440 82 434
800 85 434
1130 87 1231
1182 93 1231
994 89 13
1599 83 1348
2131 98 61
1736 86 61
2402 83 1467
1554 87 2241
2114 92 2241
2194 89 11
873 87 279
2224 90 1857
1266 95 510
1714 92 510
969 92 1555
2479 91 513
1082 91 2472
1190 96 2472
500 83 1306
2006 83 1306
1956 94 1306
85 93 799
1861 85 799
1778 101 799
1722 97 1024
2297 98 1024
1586 86 2066
161 86 2066
771 82 2442
2436 95 2442
1272 84 1054
126 88 440
2374 93 771
1929 90 771
603 100 771
2146 91 1237
582 96 1797
95 93 405
2459 101 41
2047 86 107
1733 94 619
441 90 619
1659 99 619
2379 91 198
1618 88 500
212 85 500
2413 92 500
252 92 2006
527 91 1084
1763 84 1084
1864 99 1084
2122 84 1645
1168 91 1645
585 100 1015
317 103 1599
2269 84 299
2403 97 1793
244 85 216
2180 97 1616
315 104 1616
2112 102 1763
1159 93 2122
1903 104 2122
1532 87 822
1923 100 470
2405 86 470
723 92 606
2214 88 606
2196 100 828
1674 101 828
1327 104 871
417 102 871
266 99 977
2496 98 977
787 92 1449
757 98 707
1550 86 212
922 90 1882
1614 102 1861
399 95 800
1752 105 654
1332 92 1713
259 102 1713
309 106 171
1804 99 2076
1184 104 2076
2120 89 214
933 98 214
1919 92 2405
899 100 1550
1106 104 1550
646 95 1550
860 93 2047
356 92 1586
1513 90 1586
746 87 1736
26 102 1959
2195 93 822
115 101 822
1532 87 822
2334 93 597
1434 96 597
833 100 2178
228 96 2178
86 99 161
2136 91 161
1738 96 1130
1423 105 746
2375 96 746
808 103 746
1875 97 873
708 104 873
570 100 1554
511 106 198
2379 91 198
1083 104 257
33 97 1222
1238 96 1222
1245 94 2214
1490 103 1733
1312 107 1618
96 92 1618
153 91 1618
351 91 2338
1773 105 2383
537 96 126
289 92 574
2332 104 574
704 91 743
1941 90 2270
250 103 2270
14 90 2120
1315 95 2120
1723 106 2194
2048 92 994
2259 95 994
1268 95 1851
2247 99 1851
1631 100 2489
1494 107 2489
525 94 441
1199 102 2224
226 109 1240
469 109 1513
695 95 1502
2299 95 1502
2319 95 1502
783 103 1502
587 104 1502
1594 99 1941
178 100 14
503 111 666
2239 106 666
395 92 666
2483 102 2136
589 97 986
991 111 2136
47 96 1537
1032 93 2340
863 111 2340
1013 107 527
881 101 704
1585 111 2146
2177 111 1168
684 98 1168
1872 104 1168
269 96 2479
1588 111 1161
1569 104 1161
986 95 1161
234 92 153
1089 100 153
474 107 289
993 107 1919
118 112 1919
1826 100 1332
2147 93 1332
2267 101 1714
1167 94 1714
43 105 969
505 106 969
1114 112 969
49 107 543
287 94 543
1009 99 2413
633 95 252
1262 112 252
1265 97 2114
696 94 234
1728 97 234
1694 110 234
1399 112 395
1678 96 2048
943 94 2334
1487 104 2147
880 95 2147
705 102 633
2311 106 2374
1321 108 2009
1533 95 95
1372 99 95
1099 108 85
2499 96 163
690 103 163
1486 100 121
797 98 121
906 103 1182
464 103 1182
1673 94 232
1947 96 1159
905 99 860
1537 95 1032
1510 107 1245
998 111 1245
1379 105 1245
1490 103 1733
908 109 1733
235 101 1969
714 99 1969
2411 101 1969
901 104 1969
1016 108 1167
2410 105 1956
762 99 757
1649 100 1673
2115 108 1673
1954 98 943
1860 95 943
1343 99 696
2113 95 696
1263 111 696
667 96 696
1709 114 525
589 97 986
954 113 986
2392 109 2436
123 104 2436
2009 96 2436
2428 103 880
592 113 834
168 113 834
323 99 2259
1404 113 2259
2482 101 1266
1036 110 1266
1624 105 1266
985 96 1266
1768 104 150
565 109 399
1582 106 418
926 102 646
2378 113 1537
47 96 1537
595 108 1860
490 109 1860
836 114 1860
1225 112 2113
1831 109 1533
2128 103 633
731 110 633
705 102 633
859 114 2319
876 105 2299
575 108 2299
1854 100 695
383 98 695
165 97 1268
1223 98 1268
447 105 1778
1335 111 1238
915 115 582
1916 106 582
2420 108 2009
1321 108 2009
2084 105 2009
1126 107 2009
1828 102 1678
1957 108 1267
345 99 1267
1304 109 1738
923 116 1738
1465 97 2326
343 101 2326
2477 101 2326
371 98 1434
959 102 985
618 111 1190
1378 115 1190
2077 102 537
2064 100 2499
285 100 269
281 104 269
569 103 33
2073 101 2403
2197 99 2180
741 110 2180
1115 108 2180
1233 117 1722
2238 106 1722
945 114 1728
786 116 1465
196 98 1465
404 104 1465
2480 110 1223
1493 113 165
571 104 589
2304 113 589
413 102 1265
38 118 757
2295 100 757
1179 111 757
762 99 757
1278 108 2131
1703 108 371
1059 99 371
1695 109 196
1743 116 383
419 108 383
682 110 383
2440 100 383
1940 106 1223
2480 110 1223
1197 102 2297
1484 100 2297
2125 111 797
1063 107 413
223 112 2247
2333 107 1594
1163 108 905
1972 109 905
2362 105 905
1318 112 86
1375 115 86
2368 102 1659
573 105 714
2101 117 714
1102 106 1343
837 107 345
1460 100 345
324 101 2197
54 108 2197
1102 106 1343
1517 100 1343
1234 111 1372
1952 103 1372
1774 101 1009
1962 112 285
264 120 285
793 107 833
109 119 178
1643 105 1089
512 106 1089
1747 109 1089
979 102 2196
2468 118 1923
2105 107 2410
348 107 1854
584 101 603
1214 107 603
1281 108 603
376 116 899
966 112 899
1033 105 899
2200 115 1517
1445 120 1484
1412 106 2440
1002 103 2064
1285 101 2064
2429 119 585
56 102 585
2225 105 1649
448 101 1649
2189 120 1649
2280 117 570
202 114 570
186 102 1486
162 118 1486
1088 112 1486
664 117 1486
1407 117 1826
820 108 1674
271 105 1674
2171 112 2073
239 118 2073
1085 102 2459
365 114 2459
2042 109 2459
1365 109 448
320 116 448
1729 102 584
568 102 584
2409 121 1285
1215 114 1285
1447 102 324
1256 120 2477
367 105 2477
447 105 1778
1981 112 2482
72 105 2482
1429 117 1217
2149 109 2482
2454 109 115
1497 102 115
2488 108 115
193 114 2411
18 107 235
1898 116 235
1766 113 235
1338 105 343
125 107 343
406 104 2267
1526 112 417
660 109 26
1652 110 259
2285 106 1447
1051 115 1497
2103 104 1497
1715 119 1884
718 112 2112
1264 114 1085
1598 114 2042
1439 121 1729
1796 104 1729
2431 117 186
841 103 56
1068 120 979
2262 109 979
1063 107 413
117 115 413
130 107 1197
1142 113 447
362 114 705
111 118 705
929 118 2368
1635 112 2368
2092 108 2368
1295 109 959
242 119 959
1331 122 808
2078 120 841
1191 120 841
759 117 1490
1005 106 2128
1040 117 2333
2237 105 250
2019 112 690
245 121 906
792 113 317
1771 114 587
480 124 281
2208 105 281
632 122 1327
2497 120 406
1642 110 406
1422 114 406
1945 114 2103
2467 110 2103
1385 124 1083
2234 116 571
1284 110 123
1761 112 315
185 117 315
173 118 1569
1853 119 901
1592 119 901
210 105 2332
2349 114 1487
968 122 1487
680 119 2177
2407 120 1872
1458 105 708
140 123 2237
2321 123 2237
1394 118 2237
726 114 2237
2228 121 2208
819 125 2208
249 110 1458
1888 115 367
1058 109 367
1354 111 271
1961 113 2225
2253 107 1643
1248 124 573
683 110 573
2141 120 573
1104 113 1379
2294 120 2084
1350 124 876
1107 118 1624
1687 120 1624
1142 113 447
2105 107 2410
1383 113 1033
653 118 309
2187 109 1102
1402 118 1102
1949 126 1102
2406 118 2239
2441 122 1005
382 115 1005
191 110 2285
1689 108 1412
342 115 512
934 112 512
535 115 1940
716 120 1940
158 122 1916
581 120 1916
2227 117 1723
750 117 1723
517 113 2311
1480 114 1312
818 112 1312
1040 117 2333
1785 119 125
1509 122 474
1007 125 474
506 115 474
1662 126 1013
634 116 2105
2174 119 993
94 127 993
2212 123 1214
2005 117 348
400 120 130
58 122 130
1858 119 1510
2199 109 1510
713 127 1510
1337 110 1510
1657 120 1179
2117 112 1494
520 123 2262
2219 109 2488
2345 126 1126
1821 124 49
727 126 837
2170 122 837
1224 126 54
1178 122 54
1939 109 54
2487 110 2092
1983 109 1689
2207 119 1689
1764 113 1689
2219 109 2488
671 123 1115
1971 125 820
2363 115 147
1289 112 1281
1557 113 1281
639 122 419
2279 128 1703
1890 128 1957
336 115 1957
1912 109 1957
2292 125 1278
200 122 1278
370 123 2420
854 122 2420
1989 118 2420
1927 127 2420
445 122 1099
2408 112 1099
1691 119 595
1685 114 595
1605 119 1221
339 110 575
1799 122 575
2140 126 2115
1884 109 2115
423 116 1939
2457 118 1939
1043 129 1983
34 126 1983
1108 116 2219
1424 128 2219
1039 122 1404
288 110 1884
1715 119 1884
1759 110 1058
1081 115 2199
2250 120 2199
2418 127 2199
222 115 2187
1052 119 1
1440 120 2177
2316 126 2187
812 124 2149
2358 125 2454
275 121 660
62 125 660
1994 128 2042
1598 114 2042
366 124 1365
1034 118 1365
1770 122 1365
615 118 908
108 116 1747
1852 121 1295
1308 115 1295
296 110 1295
950 122 490
1881 124 490
520 123 2262
1907 110 2262
1810 123 2392
495 122 1695
965 111 1695
710 129 1972
642 118 1262
2240 122 469
658 127 469
472 122 683
1990 121 683
1389 125 288
1849 115 296
1534 120 296
1198 128 1907
1221 111 339
1705 112 2487
2363 115 147
1185 117 1642
1632 121 191
1995 123 191
459 123 682
2464 125 2480
1620 127 741
1873 122 731
1380 112 2177
149 118 1284
314 115 1284
1862 117 2467
1578 113 2467
2248 128 495
1098 127 965
1677 116 1179
1657 120 1179
1605 119 1221
560 114 1588
1170 129 1588
882 129 999
1476 125 1588
305 128 1335
1087 130 1354
791 124 1354
1001 113 991
891 130 998
1704 128 998
148 126 2193
147 112 998
680 119 2177
1440 120 2177
1380 112 2177
477 114 1705
1896 132 118
1454 124 1399
1435 131 2408
2455 132 2408
1060 131 223
1065 121 1635
438 118 818
583 115 818
27 117 2117
2032 127 1761
1837 131 1761
2481 113 1761
914 128 1981
1138 128 1981
1686 127 1981
764 114 1526
563 123 2171
1341 129 2171
1146 122 718
53 123 718
110 122 718
206 113 1088
2335 130 1962
2494 132 1962
276 125 934
1008 127 1318
638 118 1318
2361 124 1318
1698 116 202
246 120 2019
1297 128 2019
642 118 1262
294 127 1262
1021 119 1262
2363 115 147
457 119 1380
179 123 1380
2027 117 517
175 126 1001
1781 128 1764
938 118 1764
2491 133 592
359 131 1961
927 122 1961
475 127 792
831 115 792
2278 131 168
1077 130 1557
1871 124 2378
2384 132 2378
1039 122 1404
73 115 1104
1269 124 1142
1299 132 1493
507 117 954
1124 124 560
519 128 1771
1421 120 1598
368 129 1264
1815 134 1264
1319 131 1264
1724 128 1422
918 125 1422
2004 125 184
1613 130 365
824 129 726
662 127 726
867 124 836
1047 126 836
1904 132 202
44 116 1051
562 132 202
1698 116 202
1241 117 1709
869 127 472
1814 123 1215
611 129 2349
284 123 859
199 124 859
2435 115 859
1020 120 362
1680 133 2034
407 132 945
1217 116 764
1080 135 1375
1830 131 222
1450 134 1081
1653 118 1888
1 117 1888
1553 130 506
711 117 583
1018 124 583
2193 125 2240
44 116 1051
821 121 1849
842 126 1849
318 124 2441
1718 135 915
2370 127 915
1463 120 831
425 120 831
1918 119 1378
1353 125 1378
2165 128 342
260 122 342
2176 117 535
1583 125 2435
2290 129 314
241 121 73
1909 125 108
1386 130 1108
2217 123 634
1411 123 320
1498 135 1898
1451 122 2234
253 126 2234
616 132 1621
1737 135 786
238 123 376
749 131 1677
1210 127 1677
1429 117 1217
669 133 44
521 131 2227
1601 134 2227
811 126 1862
2415 119 1862
637 128 664
1924 133 1407
300 133 1407
192 126 27
1647 124 1233
2063 125 2431
134 132 2431
1420 129 2101
1707 121 2101
422 119 2005
870 136 1241
1367 137 1241
1366 121 759
2344 127 1
1052 119 1
2339 135 711
1650 137 1429
1200 127 185
861 118 507
1595 128 507
2453 127 1389
1573 133 1989
1525 136 1989
496 138 1989
2127 133 929
772 120 929
939 131 2468
1676 130 173
1206 129 637
2446 132 1402
1988 133 1402
2353 134 653
311 136 653
1357 129 162
953 135 162
1239 126 162
1204 129 938
864 128 239
1617 123 1687
1669 120 38
1843 125 38
2390 125 615
1559 127 2406
1926 136 2406
647 132 149
2034 120 1653
181 131 861
203 132 861
1877 137 109
852 122 1691
52 127 1605
2252 128 457
2343 122 457
1580 120 457
830 131 457
347 126 1858
1003 129 1858
790 134 1785
377 135 1785
499 132 1853
1824 125 1853
124 135 1592
2151 132 2429
308 121 2429
1688 120 2415
888 135 2174
2287 128 1021
538 131 1021
2055 136 1021
334 120 422
2075 129 422
1419 127 1918
1359 121 1918
1164 125 1052
602 134 1052
839 126 1052
444 130 246
2424 121 2250
485 140 264
2293 125 264
60 134 1534
494 136 1534
10 135 1534
2132 131 1580
465 139 400
449 134 400
1521 137 1256
2328 122 1657
761 124 2141
753 124 1463
810 123 1020
360 132 1020
1538 131 1445
1991 136 2078
1574 137 1191
1527 135 1191
319 127 2497
401 135 2294
1617 123 1687
1314 132 2358
1120 136 334
2365 133 772
1300 128 1843
1806 123 2034
1680 133 2034
843 127 1669
753 124 1463
1352 141 1359
2254 134 275
1218 130 275
2083 127 275
2091 135 241
66 127 241
2437 137 1065
2198 136 1439
184 123 1439
1902 131 1439
2220 134 1366
2260 131 245
1928 136 1707
1209 127 1707
2192 138 1707
2094 129 2424
920 135 2424
1311 122 2424
1437 129 1093
2056 126 1881
1173 137 886
685 125 1331
301 136 1331
1022 128 1331
1767 133 1039
1938 124 854
1452 142 854
486 135 1509
1610 134 1509
869 127 472
159 128 1178
1974 139 1178
2193 125 2240
2433 133 158
1646 128 852
221 133 632
2438 131 632
2248 128 495
1621 131 495
566 136 639
1123 125 110
921 124 445
1504 127 445
330 130 200
393 131 1799
1633 136 968
318 124 2441
2396 136 2441
548 131 58
2432 125 2343
2206 125 1311
604 124 1311
2012 139 1146
227 127 1146
935 128 1146
341 131 201
1792 142 179
1726 130 179
2310 132 1806
1693 124 1806
1906 129 459
195 143 1411
659 136 671
36 128 284
128 133 2212
898 141 2321
2236 143 2321
967 128 2321
1626 139 1995
248 138 1995
561 127 140
1501 132 810
2258 135 810
2004 125 184
81 136 1617
631 130 238
1567 124 563
607 141 366
1512 135 812
697 130 1385
1109 141 1385
999 127 1248
291 133 393
2 141 1269
960 141 753
1316 137 761
1511 139 791
172 132 791
16 138 1871
1219 132 1647
886 127 1647
645 141 1647
988 128 1647
1401 127 1647
777 136 1881
2056 126 1881
989 137 921
2143 126 921
1950 138 1567
2124 140 1567
1075 134 1938
2144 142 1938
1546 141 1350
329 139 867
1711 132 199
68 135 199
1682 127 2361
1247 125 2361
2453 127 1389
1503 128 918
745 130 918
1637 132 891
2086 136 819
2023 134 1476
1734 131 1007
1314 132 2358
752 144 1123
858 127 1123
481 143 2432
591 142 2292
224 128 2464
1539 138 2464
148 126 2193
119 127 1247
1887 142 824
2331 143 2004
70 128 2004
958 133 1843
1300 128 1843
522 145 2063
160 140 2390
1406 132 727
283 132 811
850 140 1949
1549 133 1949
1093 128 34
1433 144 1662
2452 127 1239
2218 127 253
2346 139 1047
1280 130 1047
424 132 842
1287 146 842
462 132 2143
190 138 2143
895 131 2143
1914 133 148
780 138 148
1556 137 148
1148 143 347
1570 130 347
411 142 843
2184 133 475
1105 138 475
964 135 1098
187 138 227
349 141 227
882 129 999
48 141 52
1448 139 2453
74 136 2083
201 129 1210
1139 146 658
951 143 658
990 141 2218
112 136 662
2158 128 858
363 136 2452
508 145 1200
2255 133 1200
83 135 1504
1531 134 2370
995 145 2370
2461 142 2370
483 130 561
1173 137 886
2298 144 1209
1393 131 1209
1042 136 319
2121 142 1401
1836 132 1008
1955 129 119
254 141 2248
1259 135 2248
756 146 2248
1205 129 519
1880 133 1724
102 131 1890
2322 131 1890
930 148 1198
1206 129 637
2473 136 1503
357 135 2279
733 129 2279
2366 132 2279
694 131 159
2181 137 864
65 133 864
37 132 1781
2134 145 1781
2110 137 36
1351 142 36
1913 141 1300
1010 148 988
1129 146 1093
1437 129 1093
40 144 1093
2493 141 2158
890 139 967
1899 138 2252
717 135 224
1371 133 1297
769 130 914
435 138 2094
2154 141 1955
133 140 1955
1692 134 1043
1064 131 1003
341 131 201
1235 141 1906
1506 144 1906
536 149 1906
2243 147 1170
229 147 2075
1887 142 824
1935 147 1206
166 131 368
1920 138 611
1637 132 891
2007 150 1087
2372 134 444
1590 132 393
2024 150 444
156 138 444
1049 138 697
2213 141 697
1803 142 697
217 147 1553
803 150 1553
1548 149 1553
802 140 1570
1619 150 1570
1249 142 745
1741 145 1218
931 144 1218
1459 145 631
247 140 631
479 144 1613
344 139 1676
1684 144 591
2033 135 1435
1035 134 203
1282 136 521
1846 149 1830
2067 135 830
2057 143 2132
1252 136 2132
1515 146 939
1046 141 1319
1667 148 1902
2277 151 895
1925 147 2278
251 141 1734
832 132 694
1762 141 548
2160 139 548
616 132 1621
151 135 1621
1970 134 1621
1590 132 393
291 133 393
1568 147 538
1301 151 2438
478 137 2438
2242 134 359
2282 144 359
1840 134 2260
846 150 1538
651 135 2322
2283 135 166
1563 143 1837
849 138 407
1660 134 1501
2266 133 1501
1668 144 1549
2423 141 2446
2054 144 647
975 147 2455
1466 141 203
1035 134 203
1786 149 1896
1025 146 172
2490 134 172
1749 148 172
577 145 1904
768 147 283
1048 136 283
641 147 1133
55 144 2310
1111 138 2310
1500 139 2494
1292 142 2494
617 146 562
1323 141 462
1641 150 462
2419 141 2366
630 133 2384
2054 144 647
2245 150 1299
2215 150 2151
2356 147 2151
1982 143 134
1900 141 1836
2272 149 1836
1243 139 832
2014 144 832
2155 134 1680
1242 145 1767
1922 153 1767
2382 135 221
2060 148 221
1668 144 1549
601 138 357
1847 134 2184
1250 149 1573
1226 138 1573
1340 147 1573
1845 136 1914
1044 144 2192
1140 137 2127
91 145 2127
737 136 65
28 140 984
900 141 128
1931 142 128
1870 146 2255
1165 150 1094
137 140 2255
164 136 958
2088 145 630
4 147 630
21 150 2266
1731 137 2266
2093 140 651
2244 144 1531
738 150 1660
1072 149 602
338 146 1075
2342 143 659
106 149 2353
887 140 2353
1894 141 1610
45 143 1249
978 142 1610
1029 143 1610
64 142 1815
1408 141 2283
1384 146 1450
1228 150 449
902 153 2490
64 142 1815
848 151 60
1700 154 1601
99 140 2372
734 148 2372
428 154 1035
355 139 1840
1158 141 1840
1986 149 1840
801 149 1840
1606 136 1840
9 142 964
692 145 920
970 150 920
2168 152 2091
1333 154 2091
2044 153 68
2439 149 46
2449 148 1259
650 147 1259
1462 143 357
601 138 357
1408 141 2283
1211 139 10
2495 150 10
2341 141 1737
427 153 1737
392 136 2067
1113 144 2067
2444 142 645
2093 140 651
131 150 377
1656 146 1527
502 136 2258
436 148 1498
394 151 2033
403 138 2382
1756 140 484
2130 149 1718
984 139 888
1000 141 888
982 142 888
2100 144 313
1866 152 83
1418 144 1046
2025 148 151
1069 147 1525
698 139 1633
1565 137 2396
636 148 1252
1416 155 1252
46 141 2086
188 145 2086
550 137 2198
1133 144 74
987 140 502
1152 154 502
572 139 1845
2276 138 1928
353 155 1042
2271 148 777
657 150 659
2342 143 659
2231 146 566
947 150 1120
983 143 1120
1640 139 870
69 140 1048
693 137 2473
2391 156 2473
2360 144 81
2050 138 81
1150 151 678
2161 140 363
384 151 737
280 142 1606
1844 145 1606
1739 157 478
1725 145 2437
484 139 1173
2394 156 1521
1832 143 1367
75 139 1650
2190 142 1316
1136 147 2181
2395 148 2181
1772 151 1574
450 149 2110
884 141 1565
974 148 693
1391 143 693
1719 149 550
1427 145 1731
529 146 1920
2118 145 190
751 155 1105
1347 152 1105
2256 146 435
1514 146 16
567 145 16
844 158 187
1818 153 187
1579 148 1049
2185 139 601
1044 144 2192
2003 151 1539
725 158 1539
451 141 1539
1474 144 2050
805 146 2276
687 158 2276
1856 139 1950
1183 145 1950
2416 149 1243
877 154 1243
2163 154 698
620 151 329
1756 140 484
1128 154 484
397 150 1448
539 153 1448
446 150 1974
28 140 984
1964 144 984
2043 150 1511
1066 141 1511
558 145 1511
207 157 1626
2201 156 890
1587 149 890
1753 150 2100
1078 145 2160
1825 143 75
1564 156 75
1216 150 355
1443 143 133
1322 146 936
1683 154 2124
955 160 2124
2162 146 2124
1260 141 160
2359 157 850
2013 142 99
1141 148 99
1094 145 137
129 147 69
1090 150 719
678 144 2161
1788 144 247
2038 160 2154
1976 150 254
546 144 1894
2412 152 1352
313 142 900
79 155 2423
732 147 607
310 150 349
857 159 2341
2312 156 1466
8 144 1466
1418 144 1046
2439 149 46
1760 142 46
1883 153 46
763 152 2
1455 155 2
489 142 2
1819 151 645
2444 142 645
1334 161 645
515 147 960
1744 152 960
282 142 1913
256 158 1913
936 142 1066
1290 151 558
2082 161 1066
1716 159 1260
1041 160 1260
593 150 1323
1070 152 451
2150 158 2493
2367 148 1452
976 145 978
2039 149 45
1655 160 978
609 158 9
2401 146 489
2036 145 489
946 147 282
2347 150 936
2458 150 936
1322 146 936
1999 152 411
545 158 411
957 145 1351
1196 146 982
2100 144 313
1472 148 1249
45 143 1249
1742 150 1931
2059 156 1292
2336 149 2013
152 162 2013
1684 144 591
2015 147 2190
2354 144 45
2039 149 45
1258 145 45
532 159 1148
1192 154 2236
497 158 2236
2430 161 2236
661 153 1462
1392 146 577
1444 144 1029
1095 146 1443
1604 146 1832
1753 150 2100
542 145 2354
77 157 2354
1207 162 1444
1499 154 1444
779 163 2014
1345 160 546
865 152 1136
1757 162 549
354 148 8
2274 159 8
2081 148 1506
454 151 752
2202 158 1433
2123 158 1133
709 155 1133
641 147 1133
1681 155 1474
1150 151 678
719 149 678
1984 151 1788
2062 165 2036
1155 160 2036
1520 165 1258
306 151 1258
1290 151 558
1392 146 577
1364 162 542
1271 158 692
937 164 1741
809 149 91
1789 163 91
2087 152 91
2357 146 508
1166 154 1094
1165 150 1094
2153 157 976
498 154 2088
177 159 1095
59 147 1129
92 155 1129
1936 159 1129
76 154 2162
1544 161 805
541 164 1287
1370 164 1196
488 153 756
167 148 1384
197 158 1604
1608 153 1656
1666 152 1139
893 152 1139
1879 161 2231
1425 162 2231
211 159 1069
1169 157 217
530 157 2395
1951 167 1136
865 152 1136
78 157 946
1827 153 1340
580 160 1340
2216 149 59
2369 158 650
2157 162 2243
1431 150 2243
2226 161 2243
2145 156 732
1975 156 2015
1381 162 515
1664 150 1568
925 153 1935
2329 166 1935
1110 167 129
328 162 129
530 157 2395
1943 152 167
416 155 2449
1987 151 2081
2469 161 2081
1073 168 436
1839 158 1472
1710 164 1141
2142 155 1141
706 168 2367
1028 164 1010
456 162 1010
1382 152 974
385 151 974
840 152 2039
778 162 106
1446 158 2216
919 162 1786
1090 150 719
420 164 450
1149 156 450
327 154 1587
855 151 1587
1360 155 2130
396 166 2439
1630 166 809
1518 163 809
208 157 2394
1273 157 1072
1031 160 801
1495 159 1753
1203 154 947
322 160 1431
1307 168 2495
2350 153 2495
1977 159 803
665 170 2024
1577 164 2024
911 159 657
879 164 1090
1438 166 970
97 168 970
2079 165 1216
1014 154 1216
1702 168 397
170 155 2096
1980 163 1976
2029 159 1976
2414 164 446
644 152 446
2061 158 2458
2096 153 1641
907 152 1641
2051 168 21
1745 167 2215
442 169 1742
670 165 385
169 163 2003
1174 153 1819
2119 166 2085
1397 163 1987
2286 163 1772
408 156 394
1794 153 394
1516 155 855
1885 163 1347
1571 164 1347
1436 167 1666
1942 161 840
2028 160 1382
2404 159 1866
493 169 644
534 165 644
875 172 644
2085 156 907
388 169 1999
1232 172 1943
458 160 893
1748 164 763
1625 164 1744
528 165 1827
770 155 488
432 157 2350
553 157 2350
689 172 1794
795 157 1794
826 156 2096
170 155 2096
22 161 1174
189 164 1174
380 160 197
614 172 1608
2400 159 1608
1377 169 902
1254 173 498
2222 169 498
594 155 2163
1176 165 1203
1121 164 1203
2068 161 428
1305 171 428
2210 158 1192
2425 173 1192
443 165 1499
623 161 877
1651 156 1333
663 172 1014
1336 166 1014
549 160 1683
2327 163 1683
455 169 327
122 162 92
2233 161 416
675 163 1455
586 157 770
1575 170 770
90 159 594
20 175 79
913 169 79
629 166 1681
491 173 1360
2380 157 1360
463 158 1360
1808 169 2145
1363 172 826
2129 172 1149
2119 166 2085
1535 174 2085
80 173 1651
240 172 1975
274 171 2391
2434 160 2059
1061 174 2059
1144 159 1564
208 157 2394
2246 169 2394
1253 165 1273
386 174 432
2016 167 586
1086 171 2380
1356 158 2380
84 160 2380
466 165 530
1838 162 463
845 165 1936
105 175 2202
1921 159 2210
878 175 2210
1946 159 609
304 166 609
1376 163 609
2037 170 545
157 173 2150
1246 168 2123
380 160 197
702 170 687
1816 177 1839
2138 159 1356
910 166 1356
1470 172 1271
1841 161 256
924 164 1144
845 165 1936
1529 173 911
263 167 532
2398 167 2029
2164 163 1977
402 165 1977
655 179 2404
2308 163 857
2355 177 857
1855 161 2138
414 174 2138
2376 170 2400
1528 179 1716
2443 174 1716
564 169 955
1195 176 955
1757 162 549
138 175 549
82 164 1155
813 171 1155
437 169 2434
262 167 2434
1992 170 1031
1562 180 1031
814 172 2028
1492 165 2038
1414 162 2038
2475 173 84
980 172 1544
940 162 2430
699 174 2430
739 177 1942
89 173 1942
292 176 2233
220 181 1855
1542 165 2068
1145 181 2068
1807 162 623
2318 171 2082
1101 163 1334
2426 165 2226
2448 173 2226
2486 181 1757
1342 176 1364
194 164 1838
2275 182 328
835 172 328
1274 172 778
2288 179 691
1330 175 919
981 171 122
1712 172 122
735 179 1414
2186 178 1414
773 176 940
29 165 940
236 175 1381
501 182 1381
2387 163 2157
825 170 152
1261 175 779
243 175 675
1355 179 675
715 183 2327
1055 167 1101
668 178 1101
1325 164 169
894 172 169
941 168 1885
1775 180 1885
1953 174 194
1750 176 2308
303 180 2387
1551 173 2164
1441 176 2164
576 182 1789
2070 176 1376
42 166 1376
1978 178 1710
1339 167 1710
1561 176 924
784 182 1370
807 171 1370
1953 174 194
1833 181 194
1886 177 1028
952 171 1625
1127 184 937
1157 165 937
120 172 1571
1638 165 1577
1096 172 1748
1602 178 1162
2235 168 1325
2306 173 2414
2010 178 420
2385 166 420
1309 169 1520
1489 166 528
2498 166 443
0 176 845
721 184 466
673 180 670
230 170 1492
625 169 1157
390 175 396
2301 183 2079
1175 167 1438
1998 178 0
909 180 629
691 168 629
1893 180 629
540 176 1336
2451 171 1630
1023 180 304
904 184 145
390 175 396
1897 174 2398
352 175 1951
1151 182 2016
1600 182 352
1671 174 941
781 178 941
1275 178 941
1027 173 1992
1483 178 97
2166 176 97
2229 174 1246
1302 183 691
2288 179 691
1524 180 2051
146 169 2051
1193 170 1377
326 174 1377
50 183 455
1917 179 2222
1143 178 2222
1965 187 1808
1118 184 437
2065 184 625
1777 178 980
1135 174 493
1027 173 1992
2095 189 825
1878 188 665
1329 185 2376
2046 172 2037
278 188 1193
1507 182 1193
1469 186 813
2223 184 813
1368 176 807
2030 180 2451
2397 187 274
1576 183 240
523 181 835
2099 174 835
1125 177 689
255 175 814
57 176 614
1162 173 614
744 182 894
1777 178 980
1867 180 1777
1790 175 1363
1131 186 1096
358 179 1712
204 191 1712
487 189 663
948 188 2046
2106 182 491
1758 177 1551
806 180 1551
1505 181 157
231 175 157
2364 179 80
1602 178 1162
1627 189 2099
2183 176 2099
335 182 1135
1817 177 1135
2320 184 1671
114 175 1671
1132 185 1261
1600 182 352
1230 176 1330
1779 183 231
1915 183 255
1596 194 236
1708 180 114
145 177 390
962 189 390
736 185 1917
816 180 878
1905 193 243
1607 180 243
1230 176 1330
433 181 1790
928 179 1790
1787 190 1561
949 194 1561
1730 177 1441
2305 182 2070
1593 186 1230
516 181 57
2445 194 540
971 181 1750
1998 178 0
1696 184 2355
104 183 2355
554 188 1125
904 184 145
372 194 1730
1780 194 1817
1530 187 1816
265 178 739
1979 179 1602
1398 195 1998
1405 187 1777
1867 180 1777
2330 181 1275
1933 191 655
789 180 655
1227 188 735
736 185 1917
656 180 2364
1279 182 2364
1453 184 1562
1572 182 909
439 200 909
1751 193 1023
1006 195 1708
2045 197 1708
724 199 656
431 189 656
2303 191 673
1229 197 971
1755 190 673
1244 191 1607
590 184 806
1188 183 816
2126 197 816
748 183 1524
2022 199 1524
1229 197 971
1706 186 220
649 187 220
2422 187 433
421 185 516
1477 191 1600
2175 190 576
944 184 1572
2352 201 1572
2020 198 1279
1320 192 1279
1973 190 501
2232 190 784
838 198 335
1186 193 1779
579 185 715
24 188 104
1137 191 1188
1720 194 1188
2021 185 1302
2069 199 1576
5 186 1127
885 194 944
767 197 721
942 193 721
1294 189 2320
116 187 1118
1251 188 2021
180 200 1329
1540 190 1469
1863 188 1706
1800 204 5
916 191 1405
67 201 649
626 205 649
782 197 1530
628 207 2397
2017 204 116
295 199 116
2313 201 767
2052 191 1251
51 206 1251
2116 194 1227
2492 193 948
273 202 487
1850 209 2095
1328 208 2175
912 198 2232
1426 207 1787
1958 203 2052
1960 198 767
672 197 2303
1835 198 942
1869 200 1186
2074 198 1186
1591 196 2116
2315 198 2445
1812 212 2445
2300 209 1720
1727 206 1596
237 197 1596
2323 209 1398
1417 208 1591
1740 210 2126
599 199 1229
1369 217 672
325 200 767
2313 201 767
1960 198 767
452 201 1835
1665 207 2315
333 211 295
2450 204 2022
1765 208 724
1313 218 724
1813 205 1869
135 220 273
101 210 2450
2035 215 1426
205 214 1665
1636 230 1740
2470 216 1812
1566 217 1812
688 225 205
312 230 2035
2291 226 1369
1122 237 1369
1892 240 2291
1547 250 312
1344 240 1122
1491 251 1122
1361 250 1892
798 251 1344
1291 259 1547
387 259 1361
1895 269 387
1552 266 1291
2309 267 1291
612 282 1552
307 270 1552
1968 282 1552
504 283 1895
917 273 1895
2209 281 917
